1421985600 (0,4)
1423195200 (2,4)
1421899200 (0,3)
1422504000 (1,3)
1423108800 (2,3)
1421812800 (0,2)
1423022400 (2,2)
1421726400 (0,1)
1422936000 (2,1)
1424404800 (4,4)
1425009600 (5,4)
1425614400 (6,4)
1424318400 (4,3)
1424232000 (4,2)
1424836800 (5,2)
1424145600 (4,1)
1424750400 (5,1)
1425355200 (6,1)
1426824000 (8,4)
1427428800 (9,4)
1428030000 (10,4)
1426737600 (8,3)
1426651200 (8,2)
1426564800 (8,1)
1429239600 (12,4)
1429844400 (13,4)
1430449200 (14,4)
1429153200 (12,3)
1429066800 (12,2)
1428980400 (12,1)
1431572400 (16,3)
1431486000 (16,2)
1432004400 (17,1)
1432609200 (18,1)
1432263600 (17,4)
1432868400 (18,4)
1433386800 (19,3)
1433300400 (19,2)
1435201200 (22,3)
1435114800 (22,2)
1435633200 (23,1)
1436238000 (24,1)
1435892400 (23,4)
1436497200 (24,4)
1436410800 (24,3)
1437706800 (26,4)
1438311600 (27,4)
1438916400 (28,4)
1438225200 (27,3)
1438138800 (27,2)
1437447600 (26,1)
1438052400 (27,1)
1438657200 (28,1)
1440730800 (31,4)
1440644400 (31,3)
1440558000 (31,2)
